6
6
16
0
3
7
9
0
7
16
19
0
6
16
15
12
19
19
17
16
9
20
11
18
12
19
19
0
10
0
0
11
17
12
17
16
0
8
0
3
17
0
6
11
8
19
13
0
16
20
19
8
16
3
16
14
13
4
12
19
6
13
0
11
16
16
0
17
13
18
17
0
19
0
0
18
0
10
17
16
16
4
7
12
20
17
16
16
7
14
16
10
11
0
18
7
12
13
8
12
18
8
7
7
0
3
0
5
17
0
17
11
8
17
7
0
12
0
7
1
0
5
0
9
20
16
14
17
12
0
17
14
0
16
7
16
6
6
17
7
19
3
0
16
20
15
0
12
0
0
0
17
0
18
7
0
9
17
18
18
16
16
18
0
18
11
17
19
1
0
3
16
4
0
0
0
6
9
8
6
0
0
19
18
0
15
8
0
16
11
4
3
16
17
20
0
12
19
0
10
8
16
18
7
14
20
10
16
5
13
11
16
2
8
4
12
0
0
12
0
0
7
19
0
0
0
7
1
0
8
20
17
3
12
14
16
0
0
0
20
5
19
0
0
5
9
19
3
0
20
0
0
2
0
9
0
0
17
16
16
18
0
6
0
15
18
17
0
17
7
0
16
0
11
16
7
17
17
20
0
11
13
16
5
10
17
19
7
0
12
9
0
0
0
13
17
15
16
20
19
16
20
19
16
0
18
1
0
0
7
0
0
20
7
18
10
19
11
0
0
13
7
18
7
17
6
0
17
17
10
0
12
0
12
0
16
0
7
0
16
16
16
17
0
7
8
0
17
0
10
16
16
18
16
20
17
14
19
8
0
11
16
0
16
6
18
0
17
0
19
0
0
0
19
0
7
14
11
12
18
17
19
0
16
6
0
9
0
12
0
18
17
16
14
0
0
14
16
0
17
8
0
17
17
16
17
14
17
0
18
17
0
7
17
13
0
8
15
19
9
20
16
0
0
0
19
8
8
7
16
0
0
15
15
18
0
16
0
6
17
17
8
6
16
16
7
0
11
18
7
0
16
0
10
0
14
19
0
15
0
10
14
14
14
14
11
0
16
10
11
9
6
13
0
0
0
8
16
20
10
12
0
0
0
0
19
16
10
18
4
17
18
14
0
19
19
8
0
17
9
7
7
0
16
0
18
5
16
0
0
7
9
0
13
10
18
12
16
7
12
13
6
0
0
0
0
9
11
0
12
6
11
1
17
16
9
1
17
7
18
20
12
0
19
11
6
0
17
18
15
19
0
11
10
0
8
16
0
0
0
17
0
18
16
6
0
13
18
14
17
16
12
16
20
0
15
16
14
18
11
6
3
19
9
20
18
0
0
7
11
12
18
0
16
0
14
18
8
0
12
0
6
17
16
7
17
7
0
15
20
16
0
15
18
7
16
0
18
19
12
20
0
7
0
19
8
18
18
1
0
19
0
16
19
16
1
16
12
12
0
13
8
3
0
0
11
4
10
4
20
7
11
0
6
18
9
7
16
16
17
18
20
8
7
20
10
1
0
16
0
16
16
6
19
0
17
16
8
9
18
12
16
16
19
19
16
0
0
16
0
18
0
17
16
12
13
6
0
17
0
17
12
9
18
0
0
8
15
9
0
19
16
4
0
0
16
0
5
16
14
16
19
13
0
17
0
7
9
9
0
17
0
18
16
10
20
18
17
0
12
19
13
13
0
0
9
11
17
20
18
14
11
0
0
11
16
4
13
17
10
9
10
6
12
7
20
15
10
20
13
16
18
0
15
18
14
7
0
7
17
0
0
1
0
18
10
17
0
11
20
19
0
0
19
5
16
9
15
17
16
8
2
15
19
7
10
19
0
6
15
1
0
8
17
17
18
10
11
3
8
9
0
0
6
11
0
0
15
7
0
17
6
19
19
4
16
0
2
18
0
0
5
6
0
14
0
8
16
8
19
0
16
0
0
9
0
18
15
16
17
18
0
0
17
0
18
17
4
0
6
5
16
17
3
0
6
12
20
0
7
19
0
14
0
0
0
0
0
17
0
0
10
5
18
16
14
19
0
20
18
9
18
0
13
0
3
0
0
19
16
0
19
17
18
17
0
12
12
18
17
0
10
0
0
19
15
0
6
7
15
16
6
10
17
11
8
16
13
0
0
10
18
0
19
0
2
15
10
8
16
16
10
0
0
9
18
11
12
8
19
17
17
18
8
16
13
17
0
6
0
16
16
15
0
16
18
0
17
0
11
7
16
5
19
20
0
10
7
12
19
16
1
0
12
6
0
0
12
15
7
